$SPEC_ID:
No sample description was entered.
$SPEC_REM:
DET# 2
DETDESC# DESKTOP-TGB23L3 Easy-MCA-2k SN 14163588
AP# Maestro Version 7.01
$DATE_MEA:
02/09/2026 14:59:23
$MEAS_TIM:
200 200
$DATA:
0 2047
       0
       0
       0
       0
       0
       0
       7
      10
       4
       7
       8
       7
      13
       8
       9
       6
      10
       7
      10
       8
       8
       6
      13
       8
       5
       8
       3
       4
      11
       9
       5
       8
      10
      12
       6
       8
       8
       7
       3
       7
       9
      10
      10
       5
      10
       8
      11
       8
      11
       8
       7
      12
       7
       8
       8
      12
      13
       8
      11
       8
       9
       9
       8
      12
      13
       9
       7
      11
       9
       4
       7
      14
      11
      10
      10
      14
      13
      19
       9
      19
      26
      12
      22
      19
      22
      22
      19
      24
      20
      21
      15
      28
      18
      19
      20
      13
      19
      30
      23
      18
      18
      34
      25
      21
      31
      22
      25
      26
      18
      28
      21
      25
      32
      22
      21
      25
      31
      27
      23
      25
      22
      20
      24
      19
      24
      28
      26
      20
      24
      25
      33
      28
      31
      28
      22
      30
      20
      23
      32
      22
      19
      30
      25
      21
      28
      22
      19
      34
      31
      29
      26
      28
      24
      21
      18
      25
      27
      30
      25
      25
      30
      24
      27
      35
      21
      24
      37
      32
      30
      33
      22
      38
      31
      30
      31
      23
      29
      35
      24
      22
      27
      21
      24
      19
      26
      21
      27
      36
      23
      32
      28
      22
      17
      31
      22
      20
      23
      26
      17
      20
      27
      21
      25
      25
      25
      29
      22
      19
      26
      28
      27
      22
      28
      20
      27
      25
      20
      25
      28
      25
      25
      28
      29
      27
      22
      24
      23
      17
      36
      24
      20
      25
      16
      17
      29
      23
      23
      18
      21
      24
      20
      19
      21
      19
      23
      26
      20
      24
      16
      25
      35
      19
      19
      21
      13
      21
      24
      21
      22
      20
      20
      22
      22
      13
      15
      17
      19
      22
      24
      18
      22
      26
      20
      15
      18
      22
      14
      21
      19
      25
      13
      16
      15
      21
      18
      11
      20
      21
      12
      23
      24
      22
      20
      22
      20
      12
      20
      18
      20
      30
      23
      12
      20
      21
      21
      23
      12
      19
      21
      22
      15
      14
      11
      10
      11
      21
      14
      22
      17
      17
      22
      19
      17
      16
      14
       9
      15
      13
      21
      22
      15
      30
      14
      23
      22
      13
      17
      17
      20
      22
      15
      16
      18
      17
      17
      19
      13
      16
      15
      12
      21
      17
      12
      14
      13
      17
      14
      11
      17
      18
      19
      14
      15
       7
      20
      10
      13
      10
      15
      12
      10
       9
      15
      14
      12
      14
       9
      12
       8
      16
      10
      11
      12
      14
      11
       6
      13
       7
      12
      12
      16
      11
      14
       9
      13
      14
       6
      14
      11
      13
      12
      14
      16
       7
      11
      11
      19
      12
       9
      17
      13
       8
       9
      14
      12
       9
       9
       9
      11
       6
      14
      12
      10
      15
       5
       9
      10
       8
       9
       9
       6
      10
       8
       9
       4
      18
       7
       9
       7
       9
      12
       9
       7
       6
       7
      12
       7
      11
      11
       5
       9
      11
       6
       7
      12
       5
       8
       7
      14
      10
       6
       4
      10
      12
       5
      11
       6
       4
       4
      10
       5
      11
       7
       9
       7
       9
      11
      18
       6
       5
      13
       9
       6
       6
       6
       7
       4
      17
       5
       9
       7
       6
      13
      11
       5
       5
       7
       8
       6
       4
       5
       7
       7
       5
       7
       8
       3
       5
      15
       6
       9
       4
       4
       9
       5
       9
       8
       4
       8
       8
       7
       8
       9
       5
       9
       7
       5
       8
       7
       7
       4
       6
       1
       9
       4
       8
       4
       3
       6
       7
       9
       8
       6
       7
       4
       6
       3
       1
       5
       5
       6
       5
       3
       5
       3
       8
       3
       9
       6
       2
       9
       4
       1
       7
       5
       5
       3
       2
       5
       2
       7
       7
       8
       8
       9
       7
       3
       5
       6
       4
       7
       7
       7
       4
       4
      11
       2
       6
       3
       6
       3
       6
       8
       8
       7
       5
       2
       5
       5
       6
       3
      10
       5
       4
       5
       4
       7
       6
       4
       4
       8
       3
       2
       7
       8
       4
       4
       9
       7
       7
       5
       2
       5
       8
       7
       2
       1
       6
       4
      12
       4
       1
       3
       5
       8
       3
       6
       4
       2
       7
       5
       6
       5
       2
       4
       3
       4
       4
       6
       3
       4
       2
       4
       3
       6
       3
       5
       2
       2
       4
       4
       3
       5
       2
       5
       5
       4
       4
       7
       2
       6
       5
       5
       4
       4
       4
       4
       7
       3
       4
       3
       6
       2
       5
       4
       4
       3
       5
       4
       3
       2
       3
       4
       4
       3
       6
       4
       5
       6
       3
       4
       5
       7
       2
       4
       6
       6
       2
       5
       4
       5
       0
       5
       7
       3
       4
       4
       4
       5
       4
       9
       6
       3
       5
       6
       2
       3
       7
       2
       4
       3
       5
       3
       2
       4
       5
       2
       5
       6
       3
       7
       1
       2
       3
       3
       4
       4
       2
       2
       4
       2
       1
       4
       3
       0
       2
       4
       6
       3
       6
      10
       1
       2
       4
       7
       2
       2
       3
       6
       3
       4
       2
       3
       5
       1
       2
       1
       4
       1
       1
       7
       3
       2
       2
       4
       1
       4
       5
       3
       4
       2
       4
       2
       2
       3
       3
       3
       3
       6
       3
       3
       3
       3
       3
       3
       2
       1
       5
       6
       1
       2
       3
       3
       2
       9
       3
       3
       7
       5
       2
       4
       1
       3
       2
       5
       1
       2
       3
       3
       3
       5
       5
       2
       2
       2
       5
       1
       4
       2
       3
       4
       3
       3
       4
       2
       2
       3
       1
       0
       1
       3
       7
       1
       1
       4
       1
       3
       1
       4
       2
       0
       1
       0
       2
       2
       1
       3
       4
       0
       4
       1
       2
       3
       0
       2
       2
       2
       1
       2
       4
       1
       3
       2
       2
       2
       3
       3
       4
       2
       0
       1
       4
       2
       1
       3
       4
       5
       2
       1
       1
       1
       4
       3
       3
       1
       2
       0
       3
       1
       2
       4
       0
       3
       2
       4
       3
       3
       2
       2
       3
       3
       2
       2
       4
       2
       2
       2
       1
       2
       2
       2
       4
       2
       3
       3
       2
       4
       4
       3
       3
       0
       4
       0
       2
       0
       0
       2
       0
       1
       1
       3
       0
       2
       0
       2
       3
       1
       0
       1
       0
       1
       1
       1
       4
       1
       2
       1
       1
       2
       1
       3
       1
       1
       1
       0
       0
       0
       0
       2
       4
       3
       1
       3
       3
       0
       4
       3
       2
       2
       2
       1
       4
       1
       3
       0
       1
       1
       0
       2
       1
       1
       1
       3
       1
       1
       2
       3
       3
       3
       2
       0
       2
       2
       5
       0
       3
       0
       2
       1
       2
       3
       0
       1
       5
       3
       1
       1
       0
       3
       2
       4
       0
       2
       2
       0
       3
       1
       2
       4
       0
       4
       2
       2
       2
       4
       2
       1
       2
       2
       2
       2
       2
       2
       2
       3
       1
       1
       2
       3
       0
       0
       1
       2
       2
       1
       2
       2
       2
       0
       5
       1
       1
       1
       3
       0
       0
       2
       1
       2
       3
       0
       1
       0
       2
       0
       1
       1
       3
       1
       2
       1
       1
       0
       0
       2
       0
       2
       0
       0
       1
       0
       1
       1
       2
       2
       0
       1
       2
       1
       1
       1
       0
       0
       1
       0
       0
       0
       2
       0
       2
       1
       1
       4
       1
       0
       1
       2
       0
       1
       1
       0
       1
       0
       1
       0
       2
       3
       1
       1
       1
       1
       0
       1
       0
       0
       0
       1
       2
       2
       3
       2
       2
       1
       1
       2
       3
       0
       2
       2
       1
       2
       2
       4
       3
       0
       2
       0
       1
       4
       3
       1
       3
       1
       0
       1
       0
       2
       2
       5
       1
       0
       2
       1
       1
       2
       2
       4
       2
       3
       2
       2
       1
       0
       1
       2
       1
       4
       3
       2
       2
       1
       5
       0
       2
       1
       3
       3
       1
       0
       1
       0
       3
       2
       4
       3
       1
       1
       3
       2
       1
       2
       1
       2
       1
       0
       1
       4
       2
       3
       2
       1
       3
       2
       0
       0
       0
       2
       1
       1
       0
       0
       2
       0
       4
       4
       1
       3
       6
       1
       1
       6
       4
       2
       3
       4
       4
       4
       1
       1
       2
       3
       2
       1
       3
       1
       0
       4
       2
       1
       1
       4
       2
       0
       1
       2
       0
       0
       1
       3
       2
       0
       2
       0
       1
       2
       2
       1
       1
       3
       5
       4
       3
       0
       1
       2
       2
       1
       3
       3
       1
       1
       0
       0
       2
       1
       2
       2
       1
       1
       3
       3
       3
       0
       6
       1
       1
       0
       3
       2
       3
       3
       1
       2
       1
       3
       2
       0
       0
       4
       2
       1
       1
       0
       4
       0
       1
       2
       0
       1
       2
       3
       2
       3
       2
       3
       2
       2
       2
       0
       0
       1
       0
       1
       3
       2
       1
       1
       2
       2
       1
       1
       0
       3
       2
       1
       1
       5
       2
       3
       0
       2
       5
       4
       2
       1
      10
       4
       4
       3
       1
       2
       1
       0
       2
       0
       2
       1
       2
       0
       3
       2
       2
       1
       0
       3
       2
       1
       2
       2
       2
       1
       0
       0
       4
       4
       2
       2
       0
       0
       1
       1
       2
       2
       5
       2
       2
       4
       0
       1
       1
       0
       1
       0
       1
       1
       2
       3
       1
       5
       0
       1
       2
       3
       2
       1
       1
       0
       1
       1
       0
       1
       3
       1
       3
       1
       0
       3
       1
       2
       1
       1
       4
       2
       1
       1
       0
       1
       2
       1
       2
       2
       2
       0
       3
       0
       0
       2
       1
       1
       1
       1
       0
       1
       2
       0
       1
       0
       1
       1
       3
       2
       1
       0
       0
       2
       3
       3
       1
       0
       1
       1
       0
       2
       1
       0
       2
       2
       2
       0
       1
       0
       0
       1
       3
       1
       0
       1
       2
       2
       1
       0
       2
       0
       1
       0
       0
       3
       0
       2
       0
       0
       0
       2
       1
       2
       1
       1
       0
       1
       1
       2
       0
       2
       2
       3
       0
       2
       0
       1
       3
       1
       0
       2
       2
       1
       2
       0
       2
       0
       2
       0
       2
       0
       0
       0
       0
       0
       1
       1
       1
       1
       2
       1
       2
       0
       1
       0
       0
       2
       1
       0
       0
       0
       0
       1
       1
       0
       1
       1
       4
       0
       0
       1
       1
       1
       0
       1
       2
       2
       1
       4
       2
       0
       0
       1
       0
       0
       1
       3
       1
       1
       0
       0
       0
       0
       1
       0
       3
       0
       0
       1
       2
       2
       4
       0
       2
       3
       3
       2
       1
       0
       3
       0
       2
       2
       0
       2
       3
       3
       2
       5
       3
       0
       3
       0
       0
       2
       7
       0
       3
       2
       0
       1
       1
       3
       1
       3
       0
       5
       2
       2
       2
       3
       2
       2
       1
       0
       4
       3
       4
       1
       2
       0
       1
       0
       0
       2
       2
       2
       0
       3
       1
       5
       0
       3
       2
       3
       0
       0
       1
       1
       1
       4
       2
       1
       1
       0
       2
       0
       2
       0
       0
       2
       0
       0
       0
       1
       0
       1
       1
       1
       1
       2
       1
       0
       4
       0
       0
       0
       0
       0
       2
       0
       0
       1
       1
       0
       1
       1
       0
       1
       1
       0
       2
       1
       2
       0
       0
       2
       0
       1
       2
       0
       2
       2
       0
       0
       0
       1
       0
       1
       0
       1
       0
       1
       1
       2
       1
       0
       2
       1
       0
       0
       1
       0
       0
       0
       0
       1
       1
       1
       0
       1
       0
       0
       0
       1
       1
       1
       0
       0
       2
       0
       0
       1
       0
       1
       0
       0
       0
       1
       0
       0
       0
       1
       0
       0
       1
       0
       0
       0
       0
       1
       0
       0
       1
       0
       0
       0
       1
       1
       3
       0
       0
       0
       0
       0
       0
       0
       0
       0
       0
       0
       1
       0
       0
       0
       0
       1
       0
       1
       1
       0
       1
       0
       0
       0
       0
       1
       0
       1
       0
       0
       1
       0
       0
       1
       0
       0
       1
       0
       0
       0
       0
       0
       0
       0
       0
       2
       0
       2
       0
       0
       0
       0
       0
       2
       1
       0
       0
       0
       1
       0
       0
       0
       0
       0
       1
       2
       1
       0
       0
       0
       1
       0
       1
       0
       0
       1
       0
       0
       0
       0
       1
       0
       1
       1
       0
       0
       0
       0
       0
       0
       0
       3
       1
       0
       0
       0
       0
       0
       0
       2
       0
       0
       0
       0
       0
       0
       1
       0
       0
       0
       0
       2
       0
       0
       1
       0
       1
       1
       0
       0
       0
       1
       0
       0
       1
       2
       0
       1
       0
       1
       0
       0
       1
       0
       1
       1
       0
       0
       0
       0
       2
       0
       0
       0
       0
       0
       0
       0
       0
       2
       0
       1
       0
       0
       0
       0
       0
       0
       0
       0
       0
       1
       0
       1
       0
       0
       2
       0
       0
       0
       0
       0
       0
       0
       0
       0
       0
       0
       0
       0
       0
       0
       0
       0
       0
       0
       1
       1
       0
       0
       0
       1
       0
       0
       1
       1
       0
       1
       0
       0
       0
       0
       1
       0
       0
       0
       0
       1
       0
       2
       0
       0
       0
       0
       0
       0
       0
       0
       0
       0
       0
       0
       0
       0
       0
       0
       0
       0
       0
       0
       0
       0
       0
       0
       0
       0
       0
       0
       0
       0
       0
       0
       0
       0
       0
$ROI:
1
1493 1506
$PRESETS:
None
0
0
$ENER_FIT:
0.000000 0.000000
$MCA_CAL:
3
0.000000E+000 0.000000E+000 0.000000E+000 
$SHAPE_CAL:
3
0.000000E+000 0.000000E+000 0.000000E+000
