$SPEC_ID:
No sample description was entered.
$SPEC_REM:
DET# 2
DETDESC# DESKTOP-TGB23L3 Easy-MCA-2k SN 14163588
AP# Maestro Version 7.01
$DATE_MEA:
02/09/2026 15:17:07
$MEAS_TIM:
180 180
$DATA:
0 2047
       0
       0
      10
      10
       5
      13
      14
      11
      10
       8
      12
       9
      11
      14
       7
      15
       8
      16
      11
       6
      13
       9
      11
       9
       8
      12
      12
      17
       9
      16
      12
      10
      18
      17
      12
      16
      18
      19
      18
      19
      19
      24
      15
      22
      16
      22
      23
      29
      24
      19
      32
      24
      30
      28
      33
      19
      21
      26
      25
      28
      29
      23
      35
      30
      26
      31
      29
      31
      28
      35
      31
      22
      25
      44
      28
      32
      30
      29
      37
      32
      28
      25
      24
      32
      32
      21
      27
      31
      29
      25
      30
      32
      42
      28
      31
      25
      35
      36
      34
      39
      31
      26
      29
      32
      38
      31
      36
      37
      34
      52
      33
      33
      25
      28
      24
      19
      37
      31
      28
      24
      35
      27
      37
      38
      35
      27
      37
      21
      38
      22
      44
      21
      34
      40
      27
      31
      27
      39
      46
      31
      28
      37
      32
      27
      28
      23
      20
      35
      30
      21
      37
      27
      24
      32
      26
      28
      30
      30
      24
      32
      26
      39
      29
      19
      28
      41
      21
      22
      33
      26
      21
      27
      25
      26
      26
      32
      28
      26
      28
      28
      27
      22
      31
      25
      21
      20
      26
      27
      24
      30
      25
      25
      23
      22
      23
      18
      29
      23
      10
      13
      23
      23
      30
      20
      22
      16
      28
      19
      22
      15
      18
      19
      16
      20
      21
      27
      21
      20
      20
      25
      28
      17
      19
      23
      12
      15
      12
      19
      23
      21
      13
      22
      20
      19
      20
      13
      15
      21
      18
      11
      10
      20
      15
      21
      16
      25
      21
      24
      17
      22
      18
      10
      16
      15
      14
       8
      14
      17
      19
      19
      16
      18
      19
      20
      10
      25
      11
      12
      17
      19
      12
      19
      15
      15
      13
      16
      21
       9
       8
      10
      13
      14
      13
      12
      18
      12
      15
      17
      18
      13
       9
       9
      15
      14
      11
      12
       7
      16
      10
      13
      12
      15
      16
       9
      16
      18
      19
       6
      13
      11
      11
      14
      15
      10
      12
      12
       7
      14
       9
      12
      12
       7
       9
       8
      10
      23
      10
      11
      15
       8
       5
      19
      11
      13
      12
      11
       6
      11
       6
      10
       9
      11
       8
      11
       4
       8
      10
       7
       9
       8
       9
      14
       8
      12
      13
      10
      14
      10
      11
       8
       4
      19
      12
       8
       9
      13
       5
       9
      12
       6
       8
       6
      11
       9
      11
      16
      10
       6
       5
       5
       7
      10
      10
       8
       7
       8
      11
       6
       5
       8
      13
       7
       7
       6
       8
       6
       9
       8
       4
       6
       6
      12
       8
       7
       5
       6
       3
      10
       9
       5
       5
       4
      10
       7
       6
       8
       7
       3
       5
       2
       8
       8
      12
      10
       2
       5
       6
       6
       3
      14
      10
       7
       9
       7
       2
       2
       2
       1
       3
       6
       4
       7
      10
       5
       6
       5
       4
       9
       4
       3
       4
       4
       4
       9
       8
       2
       3
       5
       8
       5
       6
       4
       6
       7
       3
       2
       5
       7
       3
       6
       7
       7
       8
       3
       7
       4
       7
       9
       6
       5
       6
       6
       3
       8
       5
       5
       1
       6
       9
       7
       7
       4
       3
       4
       4
       6
       5
       6
      11
       2
       7
       3
       2
       7
       7
       8
       3
      11
       9
       2
       9
       5
       7
      10
       3
       6
       2
       5
       8
       1
       8
       6
       5
       6
       8
       7
       9
       1
       5
       9
       3
       5
       6
       4
       7
       6
       6
       8
       8
       3
       5
       1
      11
       6
       2
       3
       3
       6
       5
       6
       1
       6
       8
       5
       7
       4
       9
       3
       3
       3
       1
       6
       7
       3
       4
       1
       1
       3
       4
       1
       4
       6
       2
       3
       3
       6
       4
       1
       7
       9
       3
       5
       2
       3
       5
       4
       3
       5
       3
       4
       3
       6
       6
       4
       4
       5
       3
       5
       5
       3
       3
       3
       4
       5
       2
       5
       4
       7
       5
       7
       4
       5
       5
       4
       6
       4
       3
       4
       3
       3
       6
       1
       3
       2
       7
       5
       4
       2
       2
       4
       8
       3
       3
       1
       5
       3
       5
       3
       2
       3
       2
       4
       3
       4
       9
       2
       2
       3
       4
       4
       2
       2
       4
      10
       4
       5
       3
       5
       5
       4
       3
       4
       3
       3
       3
       5
       4
       2
       6
       4
       0
       2
       2
       2
       4
       4
       3
       1
       3
       0
       0
       3
       1
       4
       1
       4
       2
       5
       3
       1
       3
       3
       5
       1
       3
       4
       4
       3
       2
       1
       2
       3
       4
       1
       6
       5
       1
       5
       0
       1
       0
       2
       2
       2
       3
       2
       4
       1
       2
       2
       3
       1
       3
       5
       2
       0
       2
       6
       7
       3
       4
       0
       4
       2
       3
       2
       1
       3
       4
       3
       2
       1
       3
       0
       2
       2
       2
       2
       0
       1
       5
       2
       4
       2
       4
       1
       2
       0
       1
       1
       2
       2
       1
       2
       2
       1
       4
       2
       0
       3
       2
       4
       1
       1
       3
       1
       3
       3
       2
       1
       2
       4
       1
       0
       1
       0
       0
       3
       2
       3
       1
       1
       3
       1
       3
       2
       2
       8
       4
       1
       0
       1
       2
       1
       5
       3
       1
       2
       3
       2
       3
       2
       4
       0
       1
       0
       3
       0
       1
       1
       1
       1
       0
       2
       3
       0
       2
       4
       2
       2
       2
       2
       4
       3
       0
       0
       3
       0
       1
       2
       3
       1
       1
       3
       2
       0
       3
       0
       1
       2
       0
       5
       3
       0
       5
       1
       2
       0
       0
       4
       0
       1
       3
       4
       3
       4
       2
       0
       2
       2
       3
       0
       2
       0
       1
       2
       2
       1
       2
       2
       0
       5
       1
       1
       4
       0
       0
       2
       3
       1
       1
       1
       2
       1
       3
       3
       0
       3
       2
       5
       2
       2
       0
       0
       5
       3
       1
       2
       3
       1
       1
       0
       2
       2
       0
       2
       2
       4
       0
       1
       1
       2
       1
       0
       2
       2
       4
       1
       3
       2
       1
       1
       0
       1
       1
       3
       3
       1
       3
       2
       0
       2
       1
       3
       1
       1
       2
       2
       1
       1
       0
       3
       0
       1
       0
       4
       1
       1
       1
       2
       3
       0
       2
       2
       1
       2
       3
       0
       2
       1
       4
       1
       0
       0
       0
       3
       1
       4
       0
       1
       3
       2
       2
       2
       1
       1
       1
       2
       1
       1
       1
       3
       0
       3
       1
       1
       0
       1
       1
       1
       2
       1
       3
       1
       2
       3
       3
       2
       1
       0
       2
       2
       2
       0
       2
       3
       1
       2
       1
       0
       2
       0
       3
       3
       0
       1
       1
       3
       1
       2
       4
       0
       1
       0
       2
       1
       1
       0
       0
       1
       2
       1
       0
       0
       0
       1
       0
       3
       3
       2
       3
       1
       3
       1
       2
       0
       0
       0
       0
       0
       4
       1
       2
       1
       0
       1
       2
       3
       1
       0
       2
       0
       2
       2
       1
       0
       1
       0
       2
       0
       0
       1
       0
       0
       2
       1
       1
       0
       0
       2
       1
       0
       1
       2
       2
       2
       3
       0
       1
       0
       1
       1
       5
       3
       1
       0
       0
       1
       2
       2
       1
       3
       0
       2
       1
       2
       3
       1
       1
       2
       2
       0
       0
       1
       0
       0
       4
       1
       0
       2
       0
       0
       2
       1
       2
       1
       0
       3
       0
       2
       2
       2
       0
       0
       1
       1
       1
       1
       5
       2
       2
       1
       0
       3
       1
       2
       2
       1
       1
       1
       0
       1
       0
       0
       0
       1
       1
       0
       1
       1
       1
       1
       0
       4
       1
       1
       3
       1
       0
       1
       0
       0
       4
       0
       0
       1
       2
       1
       1
       1
       1
       0
       1
       2
       0
       0
       1
       2
       1
       1
       2
       2
       1
       2
       0
       0
       0
       4
       2
       1
       3
       0
       0
       1
       1
       0
       3
       2
       1
       2
       0
       0
       3
       1
       0
       1
       0
       3
       1
       2
       1
       0
       0
       0
       1
       1
       2
       1
       0
       1
       2
       0
       0
       2
       0
       1
       2
       1
       0
       0
       2
       0
       1
       0
       1
       1
       0
       0
       2
       0
       0
       0
       2
       1
       1
       2
       1
       1
       2
       3
       0
       0
       1
       1
       2
       0
       0
       0
       0
       0
       0
       0
       0
       2
       1
       0
       1
       0
       0
       1
       3
       0
       1
       0
       1
       1
       1
       2
       1
       0
       0
       0
       1
       2
       1
       4
       1
       1
       0
       1
       1
       1
       2
       1
       1
       0
       1
       0
       1
       0
       0
       1
       2
       0
       0
       1
       2
       2
       0
       1
       1
       1
       1
       2
       0
       0
       0
       0
       0
       2
       0
       1
       0
       2
       1
       2
       0
       0
       0
       3
       0
       3
       1
       2
       0
       3
       1
       1
       0
       0
       0
       0
       0
       2
       1
       1
       1
       1
       0
       0
       0
       2
       0
       1
       0
       1
       1
       1
       0
       0
       1
       1
       2
       0
       1
       0
       1
       2
       0
       2
       1
       0
       1
       1
       1
       1
       0
       0
       2
       1
       2
       1
       0
       1
       1
       1
       1
       1
       0
       1
       0
       1
       2
       1
       0
       0
       0
       0
       1
       0
       0
       0
       2
       1
       0
       0
       2
       3
       0
       2
       0
       1
       1
       1
       0
       0
       2
       1
       2
       1
       1
       1
       0
       0
       2
       1
       0
       0
       0
       0
       0
       1
       0
       1
       1
       0
       0
       2
       2
       0
       0
       1
       2
       1
       1
       0
       3
       0
       0
       0
       0
       0
       0
       0
       0
       1
       1
       2
       2
       1
       0
       2
       3
       1
       1
       0
       2
       1
       2
       1
       1
       1
       2
       0
       0
       1
       1
       1
       2
       0
       2
       1
       0
       0
       0
       1
       1
       0
       2
       2
       0
       0
       1
       0
       1
       0
       2
       0
       1
       2
       2
       2
       0
       1
       0
       1
       4
       2
       0
       1
       2
       1
       2
       1
       0
       2
       1
       0
       1
       3
       0
       0
       0
       1
       2
       0
       0
       1
       0
       0
       0
       0
       1
       0
       1
       0
       2
       0
       0
       0
       0
       1
       1
       0
       0
       1
       2
       2
       2
       3
       2
       1
       1
       0
       0
       1
       0
       3
       0
       0
       0
       0
       2
       2
       1
       1
       1
       1
       0
       0
       1
       1
       1
       1
       0
       2
       3
       1
       2
       0
       3
       2
       2
       1
       1
       0
       1
       0
       2
       0
       0
       0
       1
       0
       1
       0
       1
       0
       1
       0
       1
       1
       0
       0
       1
       0
       0
       2
       0
       1
       1
       2
       0
       2
       1
       0
       0
       0
       2
       1
       0
       1
       0
       1
       0
       0
       0
       1
       0
       0
       2
       0
       0
       0
       0
       0
       1
       1
       1
       0
       0
       1
       2
       0
       1
       1
       0
       0
       0
       2
       0
       0
       0
       1
       1
       0
       0
       0
       1
       0
       0
       1
       1
       0
       1
       2
       0
       0
       0
       0
       0
       0
       0
       0
       0
       0
       2
       1
       0
       0
       0
       0
       0
       0
       1
       0
       2
       0
       2
       0
       0
       0
       1
       0
       1
       1
       0
       0
       0
       1
       0
       0
       0
       0
       0
       0
       1
       0
       0
       1
       1
       0
       0
       0
       0
       0
       1
       0
       0
       0
       0
       0
       1
       0
       0
       0
       1
       1
       0
       0
       2
       0
       0
       0
       0
       0
       0
       0
       1
       1
       1
       0
       0
       0
       0
       0
       0
       0
       2
       0
       0
       0
       0
       1
       0
       1
       0
       0
       0
       1
       0
       1
       0
       0
       0
       0
       0
       1
       0
       0
       0
       0
       1
       0
       0
       1
       0
       0
       0
       0
       0
       1
       0
       0
       0
       1
       0
       0
       0
       0
       2
       0
       0
       0
       0
       0
       0
       0
       0
       0
       0
       0
       0
       0
       1
       1
       0
       1
       2
       0
       0
       0
       0
       0
       1
       0
       0
       0
       0
       0
       0
       0
       0
       2
       0
       0
       0
       0
       0
       0
       0
       0
       0
       0
       0
       0
       0
       0
       0
       0
       0
       1
       0
       1
       0
       0
       1
       0
       1
       0
       0
       0
       0
       0
       0
       0
       1
       0
       0
       0
       1
       0
       1
       3
       0
       0
       0
       0
       0
       0
       0
       0
       0
       0
       0
       0
       0
       0
       0
       0
       0
       0
       0
       0
       0
       0
       0
       0
       0
       0
       0
       0
       0
       0
       0
       0
       0
       0
       0
       0
       0
       0
       0
       0
       0
       0
       0
       0
       0
       0
       0
       0
       0
       0
       0
       0
       0
       0
       0
       0
       0
       0
       0
       0
       0
       0
       0
       0
       0
       0
       0
       0
       0
       0
       0
       0
       0
       0
       0
       0
       0
       0
       0
       0
       0
       0
       0
       0
       0
       0
       0
       0
       0
       0
       0
       0
       0
       0
       0
       0
       0
       0
       0
       0
       0
       0
       0
       0
       0
       0
       0
       0
       0
       0
       0
       0
       0
       0
       0
       0
       0
       0
       0
       0
       0
       0
       0
       0
       0
       0
       0
       0
       0
       0
       0
       0
       0
       0
       0
       0
       0
       0
       0
       0
       0
       0
       0
       0
       0
       0
       0
       0
       0
       0
       0
       0
       0
       0
       0
       0
       0
       0
       0
       0
       0
       0
       0
       0
$ROI:
1
1493 1506
$PRESETS:
None
0
0
$ENER_FIT:
0.000000 0.000000
$MCA_CAL:
3
0.000000E+000 0.000000E+000 0.000000E+000 
$SHAPE_CAL:
3
0.000000E+000 0.000000E+000 0.000000E+000
