$SPEC_ID:
No sample description was entered.
$SPEC_REM:
DET# 2
DETDESC# DESKTOP-TGB23L3 Easy-MCA-2k SN 14163588
AP# Maestro Version 7.01
$DATE_MEA:
02/09/2026 14:47:26
$MEAS_TIM:
126 126
$DATA:
0 2047
       0
       0
       0
       0
       0
       1
      52
      28
      32
      45
      32
      27
      28
      39
      33
      33
      37
      24
      38
      42
      33
      32
      32
      28
      23
      39
      42
      36
      30
      36
      25
      26
      38
      45
      35
      30
      29
      36
      31
      33
      50
      27
      26
      34
      30
      32
      38
      28
      32
      30
      30
      27
      33
      34
      44
      36
      46
      31
      31
      46
      40
      30
      30
      43
      49
      45
      31
      45
      34
      34
      34
      33
      33
      31
      28
      47
      44
      34
      38
      44
      42
      36
      44
      50
      52
      47
      37
      46
      46
      51
      48
      50
      49
      56
      60
      55
      47
      50
      53
      52
      51
      44
      45
      44
      44
      45
      41
      50
      38
      33
      37
      42
      41
      69
      42
      62
      53
      49
      43
      52
      48
      48
      39
      41
      41
      44
      52
      40
      47
      45
      47
      50
      42
      63
      50
      50
      48
      51
      50
      52
      43
      57
      42
      53
      41
      55
      40
      52
      59
      58
      49
      52
      52
      39
      52
      45
      47
      55
      42
      52
      40
      53
      48
      58
      61
      52
      53
      44
      49
      52
      43
      56
      62
      52
      58
      48
      59
      55
      51
      58
      39
      50
      52
      39
      55
      49
      50
      45
      44
      51
      56
      50
      56
      62
      54
      47
      59
      51
      52
      68
      50
      52
      59
      77
      48
      63
      58
      46
      72
      47
      62
      56
      60
      59
      76
      51
      61
      56
      57
      43
      48
      62
      82
      65
      71
      59
      60
      72
      66
      80
      63
      69
      61
      69
      89
      67
      71
      60
      78
      86
      64
      60
      67
      64
      72
      71
      61
      68
      81
      53
      55
      73
      69
      62
      52
      64
      80
      65
      52
      67
      57
      62
      52
      62
      61
      55
      64
      55
      63
      70
      63
      60
      70
      56
      60
      55
      65
      65
      52
      54
      54
      68
      58
      61
      47
      60
      57
      40
      66
      64
      67
      67
      62
      55
      56
      48
      49
      38
      52
      52
      48
      49
      52
      56
      51
      59
      58
      53
      51
      55
      39
      47
      62
      49
      50
      55
      56
      48
      43
      68
      46
      44
      49
      54
      50
      37
      53
      57
      39
      49
      51
      53
      59
      53
      49
      50
      40
      42
      48
      44
      40
      45
      53
      45
      39
      42
      43
      47
      32
      54
      40
      45
      43
      44
      35
      41
      43
      41
      40
      49
      52
      34
      43
      44
      41
      55
      38
      48
      49
      40
      39
      39
      35
      40
      40
      36
      50
      40
      43
      44
      38
      37
      30
      45
      39
      39
      42
      45
      35
      36
      35
      44
      33
      48
      40
      41
      29
      39
      42
      37
      38
      33
      37
      39
      34
      33
      39
      32
      45
      44
      29
      38
      36
      36
      41
      38
      29
      38
      28
      45
      40
      42
      33
      37
      19
      32
      28
      30
      34
      30
      30
      37
      31
      33
      30
      29
      27
      24
      30
      22
      27
      34
      28
      27
      24
      37
      27
      46
      29
      32
      25
      28
      22
      27
      34
      42
      25
      28
      30
      29
      31
      34
      29
      27
      29
      19
      24
      28
      17
      27
      19
      21
      17
      16
      23
      25
      26
      18
      27
      23
      25
      18
      17
      16
      20
      22
      23
      27
      16
      20
      20
      25
      25
      25
      15
      16
      23
      16
      11
      11
      19
      19
      17
      18
      25
       8
      16
      14
      15
      13
      23
      14
      18
       9
      13
      17
      20
      24
      17
      13
      12
      11
      13
      16
       8
      13
      18
       8
      11
      12
      20
      18
      21
      16
      17
      11
      17
      15
       9
      17
      17
      13
      18
      22
      18
      17
      11
      14
      12
      10
       9
      28
      19
      22
      12
      17
      20
      10
      20
      12
      19
      13
      19
      18
      12
       7
      19
      16
      15
      12
       8
      18
       7
      13
      11
       8
      19
      12
      19
      13
      15
      13
      14
       8
      18
      16
      12
      15
      13
      11
      14
      17
      11
      13
      14
       6
      13
      17
      11
      13
      25
      22
      18
      20
      22
      18
      17
      21
      18
      16
      23
      19
      24
      11
      28
      19
      16
      32
      35
      22
      26
      20
      27
      34
      25
      23
      20
      39
      29
      32
      36
      29
      33
      42
      34
      35
      40
      41
      43
      44
      52
      41
      52
      47
      57
      59
      58
      69
      68
      64
      72
      79
      62
      85
      84
      92
      70
     101
      79
      93
      72
     108
      96
     103
      94
     104
     119
     104
     119
     108
     129
     116
     119
     127
     113
     131
     149
     123
     125
     129
     156
     141
     128
     146
     170
     145
     149
     155
     143
     160
     136
     132
     143
     126
     130
     114
     130
     125
     145
     150
     141
     139
     119
     128
     136
     138
     118
     107
     105
     101
     126
     107
     102
      93
      99
      90
      78
      84
      69
     102
      82
      71
      69
      70
      77
      51
      42
      55
      57
      59
      49
      45
      40
      49
      56
      40
      32
      42
      32
      38
      35
      41
      37
      36
      17
      26
      25
      28
      24
      19
      29
      16
      14
      15
      15
      21
       5
      11
      13
      11
      11
      17
      13
      12
       8
      10
      12
       3
       7
      11
       8
      11
       8
       8
      10
       9
       7
       6
       9
       7
       5
       9
       9
       9
       6
      10
       6
      10
       6
       8
       8
       5
       9
       4
       7
       4
       6
       7
       5
       3
      10
       6
       5
      10
       7
      12
       6
       5
       6
       5
      10
       6
       9
      11
       8
       7
       7
       3
       6
       6
      10
       6
       6
       5
      12
      13
       7
       7
       8
       5
       7
       5
       4
       6
       8
       3
       4
       7
       6
       2
       9
       4
       6
       7
       7
       6
       3
       8
       2
       4
      15
      10
       7
       6
       9
       5
       7
       5
      13
       8
       6
       8
      11
       4
       7
       7
      10
      16
       9
       7
       6
      10
       9
      13
       9
       7
       8
       7
       6
      12
       4
      10
       9
      12
      14
       7
       8
      12
       9
      10
      11
       8
       3
       5
       8
       5
       8
       9
       5
       7
      10
       5
      11
       8
       1
       3
       9
       4
       7
       8
       4
       5
      14
       9
       7
       7
      10
       4
      10
      10
       6
       4
       8
       8
       9
       3
      11
       2
       6
       6
       6
       5
       6
       4
       8
       5
       8
       5
       7
       8
       4
       6
       9
      11
       8
       5
       4
       7
       3
       8
       4
      11
      12
      13
       7
       3
       6
       7
       6
       9
       5
       5
       6
       5
       5
       8
       5
       5
       7
       3
       7
       7
       8
       6
       3
       9
       9
       7
       9
      10
      14
      14
       5
       6
       3
       3
       8
       1
       8
       3
       7
      11
       4
       6
       7
       5
      11
       6
       6
       5
       6
       5
       8
       6
       7
       7
       5
       6
       6
       4
       3
       5
       4
       7
       8
       4
       6
       4
       8
      10
       4
       6
      15
      10
       4
       8
       4
       9
       2
       6
      10
       4
       3
       5
       6
       3
      10
       3
       3
       8
       8
       7
       7
       8
       2
       6
       4
       8
       7
       8
       5
       9
       7
       3
       9
       8
       8
       9
       5
       7
       9
       4
       1
      11
       7
       6
       7
       7
       3
      10
       5
       3
       8
       7
       8
       6
       7
       2
      13
       6
       9
      10
       5
       6
       4
       5
       6
       5
       5
       7
       3
       5
       7
       8
       8
      11
       7
       5
       5
       4
       7
       7
       9
       9
       5
       5
       9
       5
       9
       5
       6
       7
      10
       7
       7
       8
       3
       7
       4
       8
       5
       5
       7
       6
      10
       6
       6
      11
       4
      15
       6
      13
       5
       8
      11
       5
       6
      10
       6
       5
       8
       9
       8
       7
       4
       7
       8
       3
       6
       7
       8
       8
       5
       6
       4
       4
       5
       6
       5
       9
       7
       8
       6
       8
       9
       6
       7
       8
      14
       8
      15
       7
      14
      11
       9
      10
       6
      11
       6
       8
       9
       8
       3
       5
       5
       8
       9
       4
       7
      11
       8
       8
      10
       6
       5
       7
      11
       4
       6
       7
       9
       9
       8
       8
      10
       9
      13
       9
       8
       6
       8
       5
       9
       8
       5
       9
       8
       9
      13
       7
       9
      10
       9
       3
       6
       7
      12
       8
      10
       9
       8
       5
       7
       9
       9
       4
      11
       8
       7
       7
       7
       9
      12
       4
       9
       9
      10
       8
      15
       8
      10
       9
       7
       3
      13
       9
      12
       8
      13
      10
      10
       6
       7
      12
       9
       9
      10
       8
       9
       6
      12
      11
      10
      12
       8
       7
       4
       7
      11
       9
       6
       9
      13
      14
      12
      11
       9
      11
       5
      12
       6
      10
      10
       7
       7
      10
      12
       8
      10
       8
       7
       8
       4
       5
      11
       6
       7
       5
       7
       5
       6
       6
       7
       6
      12
      13
       7
       7
       7
       6
      10
       5
      11
       6
       8
       9
       5
       7
       2
       4
       5
      13
       4
       5
       8
       6
       9
       4
       7
       5
       8
       8
       9
       6
      13
       8
      10
       5
       6
       3
       4
       6
       6
       8
       3
       4
       4
       4
       3
       5
       3
       2
       8
       4
       6
       6
       3
       6
       3
       1
       7
       5
       2
       9
       7
       5
       7
       6
       3
       3
       3
       7
       3
       4
       8
       4
       5
       3
       5
       3
       5
       8
       2
       9
       4
       2
       2
       4
       4
       7
       3
       2
       8
       4
       2
       6
       3
       5
       3
       4
       5
       2
       2
       3
       5
       3
       4
       4
       5
       1
       4
       3
       6
       6
       5
       8
       5
       4
       6
       6
       1
       8
       4
       7
       8
       5
       4
       7
       6
       8
       5
       8
       5
       6
       6
       5
       4
       9
       8
      10
      11
       7
       9
       6
      11
      12
      11
       9
      10
      18
       9
       6
      15
      10
      10
      16
      16
      18
      15
      12
      20
      15
      14
      14
      15
      18
      13
      17
      22
      24
      22
      17
      27
      16
      20
      35
      22
      25
      27
      29
      31
      24
      22
      33
      30
      25
      19
      28
      31
      29
      28
      22
      22
      25
      38
      22
      27
      28
      24
      21
      15
      26
      25
      25
      14
      19
      26
      21
      23
      19
      19
      26
      17
      23
      20
      17
      25
      19
      22
      21
      27
      12
       8
      19
      15
      12
      20
      24
      17
      16
      10
      18
      12
      13
      11
      15
      15
       7
      10
      10
      15
       7
      13
      11
       8
       6
       7
       7
      10
      10
       4
       3
       7
       6
       4
       5
       7
       1
       3
       1
       4
       5
       6
       4
       4
       3
       7
       1
       6
       2
       3
       3
       4
       3
       2
       2
       1
       2
       2
       1
       3
       3
       3
       2
       0
       2
       2
       5
       2
       6
       1
       4
       2
       2
       4
       5
       2
       1
       1
       3
       5
       2
       4
       3
       1
       1
       9
       2
       4
       2
       3
       2
       4
       3
       2
       5
       6
       2
       2
       4
       3
       5
       3
       0
       3
       3
       1
       3
       5
       1
       2
       0
       4
       7
       1
       2
       4
       1
       1
       3
       3
       2
       0
       1
       1
       1
       4
       1
       1
       1
       1
       2
       0
       3
       2
       0
       1
       1
       1
       3
       5
       3
       0
       1
       3
       1
       4
       1
       1
       2
       3
       3
       3
       2
       2
       2
       1
       0
       1
       4
       1
       0
       2
       2
       3
       6
       1
       1
       5
       3
       2
       0
       0
       0
       1
       2
       1
       2
       3
       2
       1
       1
       0
       2
       1
       1
       3
       2
       0
       2
       1
       1
       1
       0
       0
       0
       0
       2
       1
       0
       0
       2
       0
       0
       1
       3
       1
       1
       2
       2
       2
       0
       0
       1
       0
       1
       0
       0
       1
       0
       1
       0
       2
       0
       1
       1
       0
       0
       0
       1
       2
       1
       0
       1
       1
       1
       1
       0
       1
       1
       0
       0
       2
       1
       1
       0
       1
       1
       1
       2
       1
       0
       1
       0
       0
       0
       1
       1
       2
       0
       0
       1
       0
       1
       0
       0
       0
       1
       0
       0
       0
       0
       1
       2
       1
       2
       0
       1
       1
       3
       0
       1
       1
       0
       2
       1
       1
       0
       2
       2
       0
       1
       2
       3
       3
       0
       3
       3
       2
       1
       2
       2
       2
       2
       2
       2
       0
       1
       3
       4
       0
       1
       3
       2
       2
       2
       1
       1
       2
       1
       3
       3
       5
       2
       2
       1
       3
       7
       1
       2
       3
       3
       0
       4
       4
       3
       4
       0
       1
       0
       1
       1
       3
       0
       1
       1
       2
       0
       1
       4
       0
       0
       1
       2
       2
       2
       0
       0
       1
       2
       0
       1
       2
       1
       1
       2
       1
       1
       0
       1
       0
       0
       0
       0
       0
       2
       0
       0
       1
       1
       0
       0
       0
       1
       0
       0
       0
       0
       1
       0
       0
       0
       0
       0
       0
       0
       1
       0
       0
       0
       0
       0
       0
       0
       0
       1
       0
       0
       0
       1
       0
       0
       0
       0
       0
       0
       0
       0
       0
       0
       0
       1
       0
       0
       1
       0
       1
       1
       0
       0
       0
       0
       0
       0
       0
       0
       0
       0
       0
       0
       0
       0
       0
       0
       0
       0
       0
       0
       0
       0
       0
       0
       0
       0
       0
       0
       0
       1
       0
       0
       0
       0
       0
       0
       0
       1
       0
       1
       0
       0
       0
       0
       0
       0
       0
       0
       0
       0
       0
       0
       0
       0
       0
       1
       0
       0
       0
       0
       0
       0
       0
       0
       0
       0
       0
       0
       0
       0
       0
       0
       0
       0
       0
       0
       0
       0
       0
       0
       0
       0
       0
       0
       0
       0
       0
       0
       0
       0
$ROI:
1
1493 1506
$PRESETS:
None
0
0
$ENER_FIT:
0.000000 0.000000
$MCA_CAL:
3
0.000000E+000 0.000000E+000 0.000000E+000 
$SHAPE_CAL:
3
0.000000E+000 0.000000E+000 0.000000E+000
