$SPEC_ID:
No sample description was entered.
$SPEC_REM:
DET# 2
DETDESC# DESKTOP-TGB23L3 Easy-MCA-2k SN 14163588
AP# Maestro Version 7.01
$DATE_MEA:
02/09/2026 15:11:57
$MEAS_TIM:
197 198
$DATA:
0 2047
       0
       0
      55
      57
      67
     205
     806
     232
     129
      86
      67
      74
      71
      66
      71
      65
      70
      59
      65
      69
      58
      74
      59
      72
      59
      45
      71
      71
      74
      72
      77
      66
      58
      81
      69
      76
      70
      83
      71
      76
      80
      65
      74
      83
      73
      77
      68
      82
     102
      94
      91
      87
     101
      96
      89
      86
      83
      90
      80
      93
      90
     100
      77
      81
      95
      84
      95
     104
      94
      91
     101
      68
      78
      89
      87
      87
      88
      91
     101
      99
      89
      95
      86
      95
      99
      84
      88
      92
      86
     114
      91
      96
     102
      90
      83
      83
      87
     108
      85
     111
      82
      76
     107
     112
     102
     107
     100
      84
     104
     101
     110
     103
      99
     102
     113
     113
     102
      93
      86
      94
      93
      87
      93
     103
     107
     110
     106
     110
     102
      96
     110
      96
     104
      99
     118
      92
      90
      96
     131
     102
     121
     104
     112
     111
     104
     113
     117
     115
     119
     113
     103
     122
      97
     125
     106
      91
     109
     126
     133
     127
     125
     130
     135
     126
     128
     131
     124
     150
     137
     125
     133
     131
     140
     148
     136
     143
     125
     126
     157
     129
     127
     130
     165
     111
     126
     136
     133
     126
     132
     141
     136
     113
     124
     107
     120
     126
     132
     135
     131
     107
     115
     114
     112
      95
     115
     121
     107
     110
     125
     120
     107
     114
     107
     111
     104
     126
     121
     109
     134
     125
     120
     104
      99
     138
     122
      92
     122
     103
     102
      95
      92
     105
      95
      94
     100
     102
      89
      92
      94
      64
     118
      92
     107
      95
      98
      99
      85
      74
      78
      92
      85
      91
      89
      98
      85
      89
      81
     108
      81
      73
      91
     102
      74
      79
      89
      78
      79
      70
      77
      75
      81
      87
      64
      77
      78
      73
      85
      72
      80
      67
      73
      83
      73
      75
      86
      83
      91
      75
      84
     104
      78
      70
      70
      73
      81
      82
      85
      80
      58
      68
      76
      77
      73
      69
      72
      74
      71
      81
      68
      64
      67
      63
      76
      85
      66
      72
      80
      71
      62
      85
      73
      75
      81
      73
      64
      67
      59
      63
      68
      56
      71
      63
      52
      64
      79
      47
      65
      54
      59
      54
      58
      69
      39
      46
      64
      43
      68
      48
      56
      69
      57
      58
      54
      57
      55
      48
      59
      50
      55
      45
      47
      51
      54
      53
      39
      44
      43
      43
      44
      46
      42
      52
      40
      41
      35
      49
      35
      40
      42
      34
      40
      40
      48
      38
      29
      43
      32
      38
      37
      33
      36
      49
      32
      36
      32
      32
      29
      44
      25
      26
      43
      38
      35
      31
      31
      32
      30
      33
      32
      28
      30
      31
      35
      28
      33
      21
      30
      40
      35
      25
      28
      33
      29
      29
      34
      24
      25
      25
      33
      37
      28
      27
      29
      30
      34
      24
      25
      24
      26
      24
      31
      22
      29
      27
      42
      19
      20
      32
      31
      18
      16
      23
      30
      20
      25
      22
      28
      22
      25
      20
      29
      32
      29
      26
      27
      22
      17
      20
      28
      22
      21
      18
      25
      30
      27
      21
      30
      26
      26
      30
      20
      32
      34
      20
      40
      29
      26
      44
      27
      30
      35
      40
      38
      40
      41
      46
      48
      45
      43
      65
      60
      64
      42
      68
      67
      55
      63
      81
      74
      76
      88
      80
      89
      95
      87
      98
     104
     126
     112
     137
     119
     110
     146
     118
     129
     147
     166
     151
     148
     136
     134
     139
     168
     133
     182
     152
     166
     163
     188
     178
     172
     159
     174
     169
     179
     183
     171
     183
     173
     182
     190
     230
     180
     185
     191
     200
     216
     197
     166
     198
     175
     179
     174
     189
     172
     179
     187
     177
     148
     154
     159
     175
     155
     167
     183
     162
     148
     144
     171
     175
     166
     155
     170
     130
     153
     143
     140
     136
     123
     138
     123
     126
     128
     128
     125
     133
     103
     105
     101
     103
     102
     103
     103
     100
      84
      98
     105
      96
      70
      83
      96
      68
      84
      88
      85
      77
      78
      62
      81
      72
      54
      56
      67
      56
      72
      44
      55
      50
      46
      46
      42
      39
      43
      39
      35
      47
      41
      50
      39
      50
      36
      30
      27
      32
      31
      37
      27
      23
      33
      29
      23
      38
      28
      31
      24
      29
      28
      20
      21
      26
      21
      28
      27
      26
      26
      29
      16
      29
      18
      21
      21
      13
      17
      23
      14
      24
      21
      23
      13
      15
      15
      16
      18
      17
      12
      16
      15
      14
      20
      17
      20
      11
      12
      17
      15
      16
      19
      11
      10
      21
      22
      19
      22
       7
      19
      12
      16
      19
      16
      13
       9
      15
      12
      12
      21
      14
      13
      14
      13
       9
      15
      14
      13
      21
      15
      13
       8
      13
      17
      22
      17
       5
      15
      11
       9
      13
      20
      13
       8
      12
      10
      10
       9
      14
      17
      11
      11
      12
      10
      13
       9
      11
      18
       6
      13
      12
      15
      15
      14
      11
      10
       8
       9
      18
      11
      16
       9
      12
       7
      10
      17
      15
      10
      10
      14
      11
      19
      12
      11
      12
      11
      13
       8
      13
      13
      21
      12
      12
      16
      18
      12
      10
       9
      17
      15
      11
      12
       8
      14
      10
      12
      12
      13
      13
      26
      11
      12
       6
      23
      16
       9
      13
       8
      10
      13
      16
       8
      14
      16
      17
      15
      11
      10
      18
      18
       8
      15
       1
       8
      10
      11
      15
      13
      13
      12
       7
       9
      10
      13
       8
      10
      12
      16
      16
       9
       8
      14
      10
      13
      11
      10
      13
      13
       7
       6
       7
       6
      12
      15
       5
      12
      10
       7
      19
      10
      13
      16
      15
      15
      10
      14
      17
      11
      12
      13
      11
      11
      12
      13
       7
      11
      14
      12
      10
      10
      10
       9
      13
      11
       8
      19
      13
       6
       9
      11
      12
       9
      17
       5
       7
      11
       9
      13
      11
      13
      11
       9
      13
      13
      14
      22
      14
       9
       7
      14
      19
       7
      15
       9
       9
      14
       6
      11
      10
      13
      12
       9
      12
      10
       7
      11
       8
       4
      10
      12
       5
       5
       9
      15
       7
      12
       9
       6
       7
      12
      15
      16
       8
       6
       5
       9
      11
      14
       6
      10
      11
       3
       9
      14
       8
      14
      16
       7
      11
       6
       5
      15
       8
       8
      11
      12
       8
      10
      11
       9
      12
       9
      10
       9
      14
       9
       9
      16
      11
       9
      16
       6
      14
       7
      12
      10
       8
      11
      10
      10
      16
       8
      20
      10
      11
       9
       8
       8
      10
      14
      13
      11
      18
       7
      14
      10
      14
      14
       5
      10
       7
      12
      11
      11
      11
      10
      10
      11
       9
       7
      14
      17
      16
       9
      14
      10
      15
      10
       6
      11
      10
      10
      11
      13
      11
       7
       7
       8
       8
      13
      17
       8
      13
       9
      17
      12
       7
       9
      11
       9
       8
      12
      10
      10
       9
      12
      10
      15
      13
      11
      15
      13
      15
      11
       7
      10
      15
      13
      10
       9
      14
      17
      17
      17
      11
      13
      22
       9
      12
      13
      12
       4
      14
       9
      10
       7
      10
       8
      12
      10
       7
      13
      14
      13
      13
      15
       8
       8
      13
      13
      13
      16
       8
      10
      11
      10
       7
       9
      11
      16
      12
      12
       8
      11
       9
      16
      13
       7
      10
      10
       9
       7
       9
      13
       9
       4
      12
       9
      11
      13
       9
      16
      11
       9
       9
      12
      10
      14
       6
       9
      13
      11
       8
      11
      11
      15
       4
       9
       8
       8
      12
      17
      12
       7
       4
      14
       8
       9
      13
       7
       8
      10
      10
       6
      10
      11
       5
       9
       9
       4
      10
       9
      12
       9
       9
      12
       7
       5
      12
       4
       7
      13
       9
       4
       9
       9
       7
       6
       6
      11
       8
       9
      12
       6
       8
       8
       7
       7
      10
       3
       7
       5
       7
       7
       4
      10
       4
       5
       6
       7
       5
       4
       7
       8
       5
       6
      12
       2
       5
       5
       7
       6
       3
       6
      11
       5
       4
       7
       3
       3
       9
       5
       2
       5
       4
       7
       8
       3
       6
       6
       6
       5
       7
       8
       6
       4
       7
       9
       9
       5
       6
       4
       3
      11
       9
       1
       8
       3
       6
       8
       4
      10
       3
       3
       2
       4
       5
       4
       5
       8
       4
       2
       5
       5
       3
       4
       7
       7
       6
       4
       3
       5
       3
       6
       4
       6
       3
       7
       5
       5
       6
      10
       7
       6
       7
       8
       9
       4
       5
      14
       7
      12
       6
       5
      11
       9
       9
       3
       6
       8
      13
       6
      11
       7
       7
       6
       7
      14
       8
      10
      11
      16
      14
       6
      10
      10
      14
      15
       7
       6
      10
      17
      16
      13
       7
      14
      20
      11
      11
      15
      13
      15
      12
      10
      14
      13
      14
      10
      17
      13
      15
      14
      11
      12
      13
      12
      17
      11
      11
      19
      13
      12
      13
      10
       6
       8
      13
      11
      17
      11
      12
      13
       8
      14
      13
      14
       8
      15
      19
      14
      12
      13
      20
      12
      16
      15
      17
      12
      17
      20
      14
      20
      19
      13
      14
      16
      19
      11
      23
      16
      13
       9
      18
      21
      13
      11
      18
      14
       9
      12
      21
      15
      17
      12
      18
      16
      14
      13
      11
      13
      12
      15
      14
      13
      26
      15
      11
      20
      17
      12
       7
      15
      11
      16
      16
      14
      16
      17
      22
      18
      17
       9
      10
      14
      14
      13
      14
      17
      10
      13
      16
      15
      17
       8
      18
      11
      19
      13
      18
      11
      14
       7
      15
      24
       7
      23
      17
      15
      11
      16
       8
      15
      14
       5
      18
      11
      15
      13
      13
      10
       7
      22
      12
      10
       7
      10
       9
       7
      15
       8
      11
      13
      15
      11
      11
      13
      14
      12
      13
      13
      15
      14
      12
      16
      14
       9
      11
       7
      17
      10
      12
      10
      12
      11
       8
      16
      13
      12
       7
       7
      13
       5
      13
      13
       9
      16
       7
      11
      11
       7
       6
       6
      11
       8
      10
       5
       3
       6
      10
       7
      12
      10
      13
       9
       8
       9
      14
       8
       9
       6
       7
       4
       5
       7
       4
       4
       4
      14
       2
       3
      10
       8
       6
       6
       9
       9
       6
       9
       3
       4
      11
       5
       5
       9
       4
       7
       6
       8
       8
       4
       4
       6
       6
       5
       4
       4
       4
       6
       1
       4
       7
       3
       6
       4
       8
       5
      10
       5
       5
       7
       6
       7
       9
       7
       8
       4
       3
       2
       3
       1
       7
       0
       4
       3
       9
       4
       3
       8
       7
       3
       1
       5
       6
       5
       5
       5
       2
       2
       1
       6
       3
       4
       5
       3
       7
       2
       4
       4
       1
       2
       1
       4
       2
       3
       8
       4
       5
       3
       3
       5
       6
       3
       2
       4
       4
       2
       6
       3
       7
       5
       4
       7
       1
       2
       4
       2
       9
       7
       1
       4
       3
       0
       5
       5
       5
       3
       2
       7
       4
       4
       3
       4
       0
       2
       5
       3
       2
       7
       4
       6
       4
       2
       4
       2
       1
       4
       4
       2
       2
       2
       3
       4
       2
       4
       4
       3
       2
       1
       1
       3
       2
       2
       4
       3
       2
       2
       5
       2
       6
       3
       3
       4
       0
       6
       3
       1
       3
       3
       4
       4
       0
       2
       2
       1
       1
       5
       2
       2
       1
       2
       0
       3
       4
       3
       2
       1
       3
       5
       3
       1
       0
       1
       0
       0
       2
       1
       4
       5
       4
       4
       2
       2
       2
       1
       4
       4
       1
       1
       0
       3
       2
       2
       3
       2
       0
       4
       3
       4
       2
       2
       1
       1
       4
       2
       1
       2
       2
       2
       2
       0
       0
       1
       1
       2
       0
       2
       1
       1
       1
       0
       1
       0
       4
       3
       3
       1
       1
       1
       2
       0
       1
       2
       0
       3
       1
       4
       3
       0
       0
       1
       1
       0
       1
       1
       1
       2
       3
       0
       2
       0
       3
       0
       1
       2
       1
       3
       2
       0
       2
       2
       0
       2
       0
       0
       3
       0
       2
       0
       3
       1
       1
       0
       1
       0
       1
       1
       2
       1
       2
       1
       0
       0
       2
       1
       1
       0
       0
       3
       2
       2
       1
       0
       3
       2
       2
       0
       1
       2
       2
       2
       0
       0
       1
       1
       0
       1
       1
       0
       0
       0
       0
       0
       0
       0
       0
       0
       0
       0
       0
       0
       0
       0
       0
       0
       0
       0
       0
       0
       0
       0
       0
       0
       0
       0
       0
       0
       0
       0
       0
       0
       0
       0
       0
       0
       0
       0
       0
       0
       0
       0
       0
       0
       0
       0
       0
       0
       0
       0
       0
       0
       0
       0
       0
       0
       0
       0
       0
       0
       0
       0
       0
       0
       0
       0
       0
       0
       0
       0
       0
       0
       0
       0
       0
       0
       0
       0
       0
       0
       0
       0
       0
       0
       0
       0
       0
       0
       0
       0
       0
       0
       0
       0
       0
       0
       0
       0
       0
       0
       0
       0
       0
       0
       0
       0
       0
       0
       0
       0
       0
       0
       0
       0
       0
       0
       0
       0
       0
       0
       0
       0
       0
       0
       0
       0
       0
       0
       0
       0
       0
       0
       0
       0
       0
       0
       0
       0
       0
       0
       0
       0
       0
       0
       0
       0
       0
       0
       0
       0
       0
       0
       0
       0
       0
$ROI:
1
1493 1506
$PRESETS:
None
0
0
$ENER_FIT:
0.000000 0.000000
$MCA_CAL:
3
0.000000E+000 0.000000E+000 0.000000E+000 
$SHAPE_CAL:
3
0.000000E+000 0.000000E+000 0.000000E+000
